%optDTDepthCV('breast.mat',1)
% run for IG 
%depths = (2:3:size(dataset.data,2));
%best depth 26

errDTDBreastIG =

    0.0708    0.0439    0.1491    0.0877    0.0789
    0.0619    0.1228    0.0789    0.0789    0.0877
    0.0796    0.0877    0.0526    0.0789    0.1053
    0.0885    0.0702    0.0702    0.0789    0.0789
    0.0973    0.0877    0.0614    0.0789    0.0351
    0.0973    0.0789    0.0702    0.1140    0.0789
    0.0708    0.1053    0.0965    0.0877    0.0526
    0.1150    0.1140    0.0439    0.1404    0.1053
    0.0531    0.0965    0.0614    0.0439    0.0351
    0.0973    0.0526    0.0877    0.4649    0.1579
    
%best depth 5    
errDTDHeartIG =

    0.2963    0.2963    0.3148    0.1667    0.2778
    0.1481    0.2593    0.2037    0.2593    0.1296
    0.7407    0.7222    0.6481    0.5556    0.6667
    0.7037    0.6852    0.6667    0.7222    0.7407    
    

%optDTDepthCV('breast.mat',2)
% run for IGR 
%depths = (2:3:size(dataset.data,2));
%best depth 8

errDTDBreastIGR =

    0.0796    0.0789    0.0789    0.0702    0.0614
    0.0708    0.0965    0.0702    0.0526    0.0526
    0.0708    0.0439    0.0351    0.0965    0.0614
    0.0796    0.0877    0.0789    0.0789    0.0789
    0.0619    0.0965    0.0702    0.0526    0.1053
    0.1239    0.0789    0.0614    0.0614    0.0789
    0.0973    0.0526    0.1140    0.1228    0.0439
    0.0619    0.0614    0.0351    0.0526    0.1053
    0.0885    0.0965    0.0614    0.0702    0.0789
    0.5133    0.0965    0.5614    0.0702    0.0877

%best depth 5    
errDTDHeartIGR =

    0.3704    0.2593    0.2593    0.3704    0.1852
    0.2778    0.1481    0.1667    0.2407    0.2407
    0.7593    0.7037    0.7593    0.6111    0.8148
    0.6481    0.6481    0.7037    0.7963    0.6667
    
%optDTDepthCV('breast.mat',3)
% run for GG
%depths = (2:3:size(dataset.data,2));
%best depth 11

errDTDBreastGG =

    0.1062    0.0702    0.1053    0.0877    0.0877
    0.0885    0.0877    0.0439    0.0965    0.0702
    0.0796    0.0789    0.0526    0.0877    0.0965
    0.0619    0.0351    0.1228    0.0526    0.0965
    0.1150    0.0702    0.1053    0.0789    0.0526
    0.0531    0.1228    0.0877    0.0614    0.0526
    0.0885    0.0965    0.0439    0.0877    0.0614
    0.1681    0.0614    0.0789    0.0351    0.0789
    0.0973    0.0351    0.0702    0.1316    0.0965
    0.0973    0.0877    0.1316    0.4123    0.0614
    
%best depth  5   
errDTDHeartGG =

    0.4444    0.2222    0.1481    0.2778    0.2778
    0.2222    0.2222    0.3148    0.1852    0.2778
    0.6667    0.6852    0.6296    0.7407    0.6111
    0.6852    0.7778    0.6111    0.6481    0.7593
    

%optRFDepthCV('breast.mat',1)
% run for IG for 1 tree with k = fNo = floor(size(dataset.data,2)/4);
%best depth 10

errRFDBreastIG =

    0.1239    0.1053    0.0702    0.0526    0.0702
    0.0708    0.0526    0.0877    0.0789    0.0526
    0.0354    0.0965    0.0526    0.0439    0.0702
    0.0088    0.0439    0.0877    0.0965    0.0614
    0.0265    0.0351    0.0439    0.0877    0.0702
    0.0442    0.0526    0.0877    0.1140    0.0702
    0.1062    0.0526    0.0877    0.0789    0.0702
    0.0708    0.0439    0.0877    0.0702    0.0877
    0.0796    0.0614    0.0439    0.0877    0.0965
    0.0265    0.0702    0.0877    0.0702    0.1140
    0.1327    0.0877    0.0351    0.1404    0.1228
    0.0442    0.0702    0.0789    0.0439    0.0702
    0.0708    0.0789    0.1053    0.0702    0.1053
    0.0885    0.0702    0.1930    0.0439    0.1053
    0.0619    0.0965    0.0877    0.1754    0.5877

 %best depth  2
 errRFDHeartIG =

    0.2963    0.3148    0.2222    0.2222    0.3148
    0.3889    0.3889    0.4259    0.4259    0.4444
    0.6852    0.7222    0.7593    0.7593    0.7037
    0.7778    0.7222    0.5741    0.7037    0.7963
    0.8333    0.7778    0.9074    0.7037    0.6481
    0.7037    0.7778    0.6481    0.7593    0.6852   
    
%optRFDepthCV('breast.mat',2)
% run for IGR for 1 tree with k = fNo = floor(size(dataset.data,2)/4);
%best depth 24

errRFDBreastIGR =

    0.1062    0.0965    0.0789    0.0614    0.1053
    0.1062    0.0614    0.0702    0.0965    0.0702
    0.0619    0.0526    0.0965    0.0789    0.1053
    0.0265    0.0702    0.1053    0.0702    0.0965
    0.0796    0.0614    0.0965    0.1053    0.0526
    0.0973    0.0789    0.0439    0.0702    0.1053
    0.0708    0.0789    0.0965    0.0526    0.0614
    0.0973    0.0614    0.0614    0.0965    0.0702
    0.0531    0.0789    0.0439    0.1053    0.0614
    0.0531    0.0789    0.0789    0.1228    0.0614
    0.0796    0.0439    0.0702    0.0965    0.0702
    0.0531    0.0702    0.0439    0.0789    0.0789
    0.0885    0.0877    0.0877    0.1053    0.0614
    0.0354    0.1053    0.0789    0.0614    0.5000
    0.1062    0.2456    0.4561    0.0614    0.0965

%best depth 2
errRFDHeartIGR =

    0.1481    0.1667    0.4630    0.2963    0.4259
    0.3704    0.2222    0.5926    0.6296    0.3889
    0.7407    0.7222    0.6852    0.7407    0.7407
    0.7778    0.7037    0.7963    0.6852    0.6852
    0.7222    0.7963    0.7407    0.6481    0.7593
    0.7222    0.7222    0.7407    0.7037    0.6852    
    
%optRFDepthCV('breast.mat',3)
% run for GG for 1 tree with k = fNo = floor(size(dataset.data,2)/4);
%best depth 12
    
errRFDBreastGG =

    0.1327    0.0877    0.0702    0.0789    0.0789
    0.0708    0.0877    0.0702    0.0614    0.1053
    0.0973    0.0702    0.0789    0.1140    0.0088
    0.0531    0.0526    0.0702    0.0439    0.0877
    0.0796    0.0526    0.0789    0.1228    0.0526
    0.0354    0.0614    0.0877    0.0526    0.0439
    0.0531    0.1140    0.0526    0.0965    0.0789
    0.1150    0.0965    0.0965    0.1053    0.0965
    0.0973    0.0702    0.0614    0.1053    0.0789
    0.0531    0.0702    0.0702    0.0877    0.0526
    0.1062    0.0789    0.0439    0.0702    0.0877
    0.0796    0.1316    0.1053    0.0789    0.0175
    0.0708    0.0877    0.0351    0.0439    0.0702
    0.0531    0.0614    0.0702    0.1140    0.0965
    0.2124    0.0877    0.1930    0.0702    0.0789    

%best depth 2    
errRFDHeartGG =

    0.3148    0.2222    0.3148    0.4444    0.2963
    0.4074    0.3889    0.4444    0.6296    0.4259
    0.6296    0.7778    0.6667    0.7037    0.7222
    0.7037    0.5741    0.7037    0.7593    0.7963
    0.7963    0.7222    0.7778    0.6481    0.7593
    0.7407    0.7593    0.7037    0.7963    0.7037    
    
%optRFTreeNoCV('breast.mat',10,1)
% run for IG with depth 10, and 9 as k (feature selection)
%best no trees 21

errRFTNBreastIG =

    0.0619    0.0789    0.0614    0.1053    0.0526
    0.0973    0.0439    0.0439    0.0702    0.0614
    0.0619    0.0614    0.0702    0.0439    0.0614
    0.0442    0.0614    0.0351    0.1053    0.0614
    0.0796    0.0175    0.0614    0.0702    0.0263
    0.0796    0.0789    0.0702    0.0263    0.0351
    0.0265    0.0789    0.0789    0.0526    0.0263
    0.0973    0.0263    0.0789    0.0175    0.0439
    0.1416    0.0439    0.0526    0.0351    0.0439
    0.0354    0.0526    0.0965    0.0526    0.0702
    0.0354    0.0789    0.0439    0.0526    0.0439
    0.0354    0.0526    0.0702    0.0789    0.0351
    0.0885    0.0175    0.0439    0.0526    0.0526
    0.0265    0.0526    0.0789    0.0702    0.0789
    0.0531    0.0526    0.0526    0.0439    0.0702
    
    
%best no of trees with depth 2 and no of randf 5 is 15
